[10,34]	0.5
[10,12]	0.5
[12,56]	0.19230769230769232
[12,92]	0.19230769230769232
[12,34]	0.3076923076923077
[12,18]	0.11538461538461539
[12,79]	0.11538461538461539
[12,10]	0.07692307692307693
[18,56]	0.15
[18,92]	0.15
[18,34]	0.25
[18,79]	0.1
[18,29]	0.1
[18,12]	0.25
[29,56]	0.17647058823529413
[29,92]	0.17647058823529413
[29,34]	0.17647058823529413
[29,18]	0.11764705882352941
[29,79]	0.11764705882352941
[29,10]	0.058823529411764705
[29,12]	0.17647058823529413
[34,56]	0.22448979591836735
[34,92]	0.20408163265306123
[34,18]	0.12244897959183673
[34,79]	0.12244897959183673
[34,29]	0.02040816326530612
[34,10]	0.08163265306122448
[34,12]	0.22448979591836735
[56,92]	0.2702702702702703
[56,34]	0.2972972972972973
[56,29]	0.02702702702702703
[56,10]	0.10810810810810811
[56,12]	0.2972972972972973
[79,56]	0.2
[79,92]	0.2
[79,34]	0.2
[79,18]	0.2
[79,12]	0.2
[92,34]	0.3333333333333333
[92,10]	0.3333333333333333
[92,12]	0.3333333333333333
