[9,10]	0.1
[9,12]	0.2
[9,29]	0.1
[9,34]	0.3
[9,56]	0.2
[9,92]	0.1
[10,12]	0.5
[10,34]	0.5
[12,10]	0.07692307692307693
[12,18]	0.07692307692307693
[12,34]	0.38461538461538464
[12,56]	0.15384615384615385
[12,79]	0.07692307692307693
[12,92]	0.23076923076923078
[18,12]	0.25
[18,29]	0.08333333333333333
[18,34]	0.25
[18,56]	0.16666666666666666
[18,79]	0.08333333333333333
[18,92]	0.16666666666666666
[29,10]	0.06666666666666667
[29,12]	0.26666666666666666
[29,18]	0.06666666666666667
[29,34]	0.26666666666666666
[29,56]	0.13333333333333333
[29,79]	0.06666666666666667
[29,92]	0.13333333333333333
[34,10]	0.1111111111111111
[34,12]	0.2777777777777778
[34,18]	0.05555555555555555
[34,29]	0.05555555555555555
[34,56]	0.2222222222222222
[34,79]	0.05555555555555555
[34,92]	0.2222222222222222
[56,10]	0.14285714285714285
[56,12]	0.2857142857142857
[56,29]	0.07142857142857142
[56,34]	0.2857142857142857
[56,92]	0.21428571428571427
[92,10]	0.3333333333333333
[92,12]	0.3333333333333333
[92,34]	0.3333333333333333
