[10,34]	0.5
[10,12]	0.5
[12,56]	0.22
[12,92]	0.22
[12,34]	0.28
[12,18]	0.06
[12,79]	0.06
[12,10]	0.16
[18,56]	0.1875
[18,92]	0.1875
[18,34]	0.25
[18,79]	0.0625
[18,29]	0.0625
[18,12]	0.25
[29,56]	0.18867924528301888
[29,92]	0.18867924528301888
[29,34]	0.18867924528301888
[29,18]	0.05660377358490566
[29,79]	0.05660377358490566
[29,10]	0.1320754716981132
[29,12]	0.18867924528301888
[34,56]	0.25806451612903225
[34,92]	0.1774193548387097
[34,18]	0.04838709677419355
[34,79]	0.04838709677419355
[34,29]	0.08064516129032258
[34,10]	0.12903225806451613
[34,12]	0.25806451612903225
[56,92]	0.19642857142857142
[56,34]	0.2857142857142857
[56,29]	0.08928571428571429
[56,10]	0.14285714285714285
[56,12]	0.2857142857142857
[79,56]	0.2
[79,92]	0.2
[79,34]	0.2
[79,18]	0.2
[79,12]	0.2
[9,56]	0.16666666666666666
[9,92]	0.16666666666666666
[9,34]	0.16666666666666666
[9,29]	0.16666666666666666
[9,10]	0.16666666666666666
[9,12]	0.16666666666666666
[92,34]	0.3333333333333333
[92,10]	0.3333333333333333
[92,12]	0.3333333333333333
